Sciper=253734
###### Exercise 1
X=[19255934095787720748455938531615231925775554021405330313064626230369592190578345352228110277742563557191878637595901869285598695758176, 32392708844394701452036916460713713595825115921665054949323936483657751316662239575569543259635266223388384164302871616257386922166593, 32222667684960658459136635762659077859022626179757702104050867377232605729147873028545454270308218090182830753704455505531009162286056, 32981361400155031172855382636818024302181339433884482612842567184793215932707902142381029726822011739443828583848799565571853859037930, 6876363122361388634438595443955805767194040716788590098341232198872052189615823474494816362076514966047633044868100330475007382530417, 33456673782129383867005673680652554945872492554287742193417959716846659875801307227022697350257713164004923058074060951209395175948589, 33980721279661319736572604873128662779377176365301849793703554886294547094476433768905984293627711567398952871766298315578946940279844, 11666671193344829017535440679211211651091082327411856844736900273605248756722442217487176298980586773190453422632056287396279724905537, 28441893293937732254491385306768379737552458532371040229473580243703277218836546873493574847423031698498391573611001857717226703754298]
p=34075147745310921122550601740103708338583190008115062048090044686140161301336585388795878993204979478320320500415591356571442190792839
p11=1109390406631158035880137289695510584716850447
p12=24611771993052165964009959989538390707121361
p13=623994070455583804368533053765491862974018557
###### Exercise 2
word2='tenderhearted will be the encoded word of today.'
encoded2=[0, 1, 17, 0, 2, 0, 3, 0, 1, 17, 0, 26, 0, 13, 3, 26, 19, 7, 4, 26, 18, 4, 2, 17, 4, 19, 26, 22, 14, 17, 3, 26, 8, 18, 26, 14, 5, 5, 8, 2, 4, 18, 27]
###### Exercise 3
u3 = 1205866437235930950578714972900131865507982022906535204888204218225737677987365369933185905903402916468729697996526544066685649754514371227022652267385728
v3 = 3682875425006814170498664877428645756386343146237215378677854404056816190168302010497529828845726216246220681950784282266607364241475878377015266132409973
y3 = 4048227011311270044251501000940746594770019166254992192245340458137163444422829703168175158952191557036363627751155953712230640566276240262600843150644457
x3 = 1191825956655581389502249610518982436777376414290912413854771874045156192459815574435503655845344912737831992134019003691055706373290464869372278647343064
g3 =1364705167264185461598801388629287047222364962515777179843456373136204506116517075188203391011588649868010729322728918173390568868215846262735191214750087
n3 =4536498184065638062059164457528219007746233900571016644022716169181749847834012688566864867996489900688159312481349734954554810468863063278436792276801722
###### Exercise 4
y4= [ 23, 8, 19, 9, 15, 23, 10, 27, 9, 1, 26, 27, 19, 23, 17, 23, 22, 2, 12, 14, 9, 18, 3, 19, 9, 5, 13, 13, 11, 12, 27, 18, 7, 15, 16, 5, 26, 1, 17, 4, 2, 17, 8, 18, 24, 15, 11, 19, 21, 8, 25, 25, 7, 10, 25, 7, 23, 22, 23, 14, 26, 27, 23, 6, 12, 2, 4, 8, 21, 20, 19, 8, 13, 2, 1, 10, 24, 19, 20, 4, 2, 23, 7, 9, 26, 2, 18, 1, 8, 27, 9, 25, 17, 11, 5, 3, 22, 1, 15, 10, 3, 2, 15, 13, 4, 19, 17, 19, 14 ]
p4= [ [ 16, 2, 19, 13, 7, 8, 14, 11, 26, 15, 18, 17, 0, 4, 5, 1, 10, 27, 6, 3, 12, 20, 22, 23, 25, 21, 9, 24 ]
[ 6, 14, 3, 19, 24, 9, 0, 2, 12, 27, 7, 22, 26, 25, 11, 16, 13, 18, 1, 15, 20, 5, 21, 8, 23, 10, 17, 4 ]
[ 24, 25, 3, 6, 22, 21, 9, 5, 14, 1, 19, 20, 13, 4, 23, 16, 15, 8, 0, 10, 2, 12, 11, 7, 17, 27, 26, 18 ]
[ 8, 4, 2, 16, 9, 12, 27, 3, 0, 11, 13, 5, 18, 15, 26, 10, 6, 24, 19, 25, 23, 14, 22, 1, 7, 21, 20, 17 ] ]
c4= 17778
pi4= [ 3, 2, 1, 0, 22, 7, 20, 5, 16, 26, 14, 18, 23, 27, 10, 17, 8, 15, 11, 24, 6, 25, 4, 12, 19, 21, 9, 13 ]
###### Exercise 5
c5= [ 13, 18, 21, 18, 17, 26, 8, 27, 3, 12, 19, 21, 4, 12, 1, 0, 11, 25, 14, 16, 10, 4, 26, 21, 4, 3, 4, 12, 8, 4, 26, 5, 7, 18, 26, 21, 0, 27, 3, 26, 0, 22, 3, 18, 13, 4, 27 ]
a5= 11
b5= 14
